3100
3100
3100
3100
3100
3100
3101
3104
3104
3104
3104
3104
3106
3106
3106
3106
3106
3106
318
318
318
3132
3132
3132
3132
3132
3132
3132
3132
3132
3132
3132
3132
3132
3132
3132
3132
3132
3132
3132
3132
3132
3132
3132
3133
3133
3134
3134
3134
3134
3134
3134
3134
3134
3134
3134
3134
3134
3134
3135
3135
3135
3135
3135
3135
3135
3135
3136
3136
3136
3136
3136
3136
3136
3136
3136
3136
3136
3136
3137
3137
3137
3138
3138
3138
3138
3138
3138
3138
3138
3138
3138
3138
3138
3138
3138
3138
3139
3139
3139
3139
3139
3139
3140
3140
3140
3140
3140
3140
3140
3140
3141
3141
3141
3141
3141
3141
3141
3141
3141
3141
3141
3141
3141
3142
3142
3142
3142
3142
3142
3143
3143
3143
3143
3143
3143
3144
3144
3144
3144
3144
3144
3144
3144
3144
3144
3144
3144
3144
3144
3144
3144
3144
3144
3144
3144
3144
3144
3144
3144
3144
3145
3145
3145
3145
3145
3145
3145
3145
3145
3145
3145
3145
3145
3145
3145
3145
3146
3146
3146
3146
3146
3146
3146
3146
3146
3147
3147
3147
3147
3147
3147
3147
3147
3147
3147
3147
3147
3147
3147
3147
3148
3148
3148
3148
3148
3148
3148
3148
3148
3148
3148
3148
3148
3148
3148
3148
3148
3148
3148
3148
3148
3149
3149
3149
3149
3149
3149
3149
3149
3149
3149
3149
3149
3149
3149
3149
3149
3150
3150
3150
3150
3150
3150
3150
3150
3150
3150
3150
3150
3150
3150
3150
3151
3151
3151
3151
3151
3151
3151
3151
3152
3152
3152
3152
3152
3152
3153
3153
3153
3153
3153
3153
3153
3153
3153
3153
3154
3154
3154
3154
3154
3154
3154
3155
3155
3155
3156
3156
3156
3156
3156
3156
3156
3156
3156
3156
3156
3156
3157
3157
3157
3157
3157
3157
3157
3157
3157
3157
3157
3157
3157
3157
3157
3157
3157
3158
3158
3159
3159
3160
3160
3160
3160
3160
3161
3161
3161
3161
3161
3161
3161
3161
3161
3162
3162
3162
3162
3162
3162
3162
3162
3162
3162
3162
3162
3162
3162
3163
3164
3164
3164
3164
3164
3165
3165
3165
3165
3166
3166
3166
3166
3166
3167
3167
3167
3167
3167
3167
3167
3167
3167
3167
3167
3168
3168
3168
3168
3168
3168
3168
3169
3169
3169
3169
3170
3170
3170
3170
3170
3171
3171
3171
3171
3171
3171
3171
3172
3172
3172
3172
3172
3173
3173
3173
3174
3174
3176
3176
3177
3177
3178
3178
3178
3179
3179
3179
3179
3179
3179
3179
3179
3179
3179
3179
3179
3179
3179
3179
3179
3180
3180
3180
3180
3180
3180
3180
3180
3180
3180
3180
3180
3181
3181
3181
3181
3181
3181
3181
3181
3181
3181
