3101
3104
3106
318
3133
3135
3100
3100
3106
318
3133
3138
3100
3104
318
3132
3136
3138
3100
3104
3106
3106
3134
3135
3136
3137
3138
3139
3140
3141
3142
3143
3144
3145
3147
3148
3149
3150
3156
3157
3161
3162
3179
3180
3100
3104
3132
3140
3141
3144
3145
3147
3148
3149
3156
3157
3161
3162
3180
3100
3132
3136
3138
3142
3143
3157
3179
3106
3132
3135
3137
3138
3140
3142
3143
3156
3157
3161
3179
3132
3136
3141
3104
3106
3132
3135
3136
3140
3141
3142
3143
3145
3147
3153
3154
3178
3180
3132
3144
3147
3148
3149
3163
3132
3134
3136
3138
3156
3157
3161
3180
3132
3134
3137
3138
3144
3145
3147
3148
3149
3153
3162
3165
3179
3132
3135
3136
3138
3143
3179
3132
3135
3136
3138
3142
3161
3132
3134
3139
3141
3145
3146
3147
3148
3149
3150
3152
3154
3156
3157
3161
3164
3167
3168
3169
3171
3172
3173
3179
3180
3181
3132
3134
3138
3141
3144
3146
3147
3148
3149
3150
3154
3157
3162
3166
3180
3181
3144
3145
3148
3149
3150
3151
3152
3164
3167
3132
3134
3138
3139
3141
3144
3145
3148
3149
3156
3157
3166
3173
3180
3181
3132
3134
3139
3141
3144
3145
3146
3147
3149
3150
3151
3153
3154
3157
3162
3164
3166
3167
3173
3179
3181
3132
3134
3139
3141
3144
3145
3146
3147
3148
3150
3153
3157
3162
3164
3166
3179
3132
3144
3145
3146
3148
3149
3151
3152
3167
3168
3169
3170
3171
3172
3181
3146
3148
3150
3152
3167
3170
3171
3172
3144
3146
3150
3151
3162
3167
3138
3141
3148
3149
3155
3160
3161
3162
3166
3179
3138
3144
3145
3148
3157
3165
3179
3153
3161
3179
3132
3134
3136
3140
3144
3147
3157
3174
3176
3177
3178
3180
3132
3134
3135
3136
3140
3144
3145
3147
3148
3149
3154
3156
3174
3176
3177
3178
3180
3160
3162
3160
3162
3153
3158
3159
3162
3179
3132
3134
3136
3140
3143
3144
3153
3155
3179
3132
3134
3141
3145
3148
3149
3152
3153
3158
3159
3160
3165
3179
3180
3139
3144
3146
3148
3149
3180
3141
3154
3162
3179
3145
3147
3148
3149
3153
3144
3146
3148
3150
3151
3152
3168
3170
3171
3172
3181
3144
3150
3167
3169
3170
3171
3181
3144
3150
3168
3181
3150
3151
3167
3168
3171
3144
3150
3151
3167
3168
3170
3181
3144
3150
3151
3167
3181
3144
3147
3148
3156
3157
3156
3157
3156
3157
3138
3156
3157
3132
3135
3136
3141
3142
3144
3148
3149
3153
3154
3155
3160
3161
3162
3165
3180
3132
3134
3138
3140
3144
3145
3147
3156
3157
3162
3164
3179
3144
3145
3147
3148
3150
3167
3168
3169
3171
3172
